Filename	Label	seg_Start	seg_End	H1c_mean	H2c_mean	H4c_mean	A1c_mean	A2c_mean	A3c_mean	H1H2c_mean	H2H4c_mean	H1A1c_mean	H1A2c_mean	H1A3c_mean	CPP_mean	Energy_mean	HNR05_mean	HNR15_mean	HNR25_mean	HNR35_mean	SHR_mean	H1u_mean	H2u_mean	H4u_mean	A1u_mean	A2u_mean	A3u_mean	H1H2u_mean	H2H4u_mean	H1A1u_mean	H1A2u_mean	H1A3u_mean	strF0_mean	sF0_mean	pF0_mean	shrF0_mean	sF1_mean	sF2_mean	sF3_mean	sF4_mean	pF1_mean	pF2_mean	pF3_mean	pF4_mean	sB1_mean	sB2_mean	sB3_mean	sB4_mean	pB1_mean	pB2_mean	pB3_mean	pB4_mean	
acj047_english_exp2_d.mat	"pen"	1600.000	1690.000	15.146	1.849	7.150	-5.321	3.151	4.955	13.296	-5.301	20.466	11.994	10.191	19.886	2.354	15.155	21.070	24.368	23.932	0.055	16.712	10.363	6.530	15.401	6.354	5.906	6.349	3.833	1.312	10.358	10.806	201.204	171.815	221.991	215.285	538.046	2271.214	3033.372	4278.576	587.776	2302.955	3026.807	4393.231	238.176	168.231	154.628	335.022	194.123	180.052	214.707	370.892	
acj047_english_exp2_d.mat	"ult"	1863.966	1924.580	0	0	0	0	0	0	0	0	0	0	0	0	3.545	0	0	0	0	0.000	0	0	0	0	0	0	0	0	0	0	0	215.337	213.934	222.742	218.139	454.294	920.270	2291.259	3783.141	556.670	1046.110	2445.133	4320.442	230.952	217.233	298.463	737.966	285.132	282.365	383.395	573.531	
acj047_english_exp2_d.mat	"pen"	12546.200	12605.178	0	0	0	0	0	0	0	0	0	0	0	0	2.540	0	0	0	0	0.074	0	0	0	0	0	0	0	0	0	0	0	210.102	206.544	210.981	197.642	350.368	2136.946	3045.174	4198.624	375.905	2101.515	3098.684	4922.446	84.877	325.256	267.513	1686.146	90.146	494.552	467.837	358.372	
acj047_english_exp2_d.mat	"ult"	12806.200	12936.200	15.051	8.668	-2.993	-23.962	-15.082	-9.497	6.384	11.661	39.013	30.134	24.548	19.788	1.666	16.049	19.400	21.780	21.736	0.023	15.684	10.563	4.395	6.311	5.567	1.205	5.121	6.168	9.373	10.117	14.478	187.187	117.903	185.709	186.887	1064.699	2031.963	3056.430	3964.933	679.001	1932.823	3079.757	3833.362	580.148	298.978	235.670	508.132	526.914	644.016	492.411	907.238	
acj047_english_exp2_d.mat	"pen"	18056.396	18117.010	0	0	0	0	0	0	0	0	0	0	0	0	1.450	0	0	0	0	0.000	0	0	0	0	0	0	0	0	0	0	0	186.733	185.960	188.401	187.940	451.619	1562.949	2083.581	4082.093	483.341	1630.141	2168.271	4224.358	147.130	113.505	282.888	223.016	251.579	153.798	946.605	255.049	
acj047_english_exp2_d.mat	"ult"	18245.100	18301.000	0	0	0	0	0	0	0	0	0	0	0	0	1.527	0	0	0	0	0.080	0	0	0	0	0	0	0	0	0	0	0	199.274	192.777	201.097	199.355	439.323	1054.719	2467.185	4354.958	558.431	1269.474	2733.114	4545.312	244.059	233.748	221.395	363.038	248.776	308.780	419.066	597.566	
acj047_english_exp2_d.mat	"pen"	23199.600	23269.600	0	0	0	0	0	0	0	0	0	0	0	0	3.001	0	0	0	0	0.195	0	0	0	0	0	0	0	0	0	0	0	201.354	183.045	205.265	205.829	403.679	919.924	2241.800	3721.320	637.079	1421.077	2894.095	4600.419	179.937	180.583	322.315	445.799	611.363	982.107	1327.038	597.454	
acj047_english_exp2_d.mat	"ult"	23404.033	23489.600	11.924	5.013	5.398	-7.494	3.272	-6.618	6.911	-0.385	19.418	8.652	18.542	21.637	1.713	20.440	29.016	29.755	30.661	0.079	13.564	14.330	2.981	13.481	5.748	6.751	-0.766	11.349	0.083	7.816	6.814	177.362	164.885	174.602	170.008	458.924	2311.661	2537.339	4201.636	474.475	2243.842	2510.668	4234.503	109.792	365.541	377.110	245.964	131.634	466.568	202.433	258.344	
acj047_english_exp2_d.mat	"pen"	28621.900	28691.707	0	0	0	0	0	0	0	0	0	0	0	0	3.778	0	0	0	0	0.353	0	0	0	0	0	0	0	0	0	0	0	204.034	186.554	203.996	202.785	677.126	1928.937	2927.337	4322.091	652.605	1898.085	2941.935	4532.270	208.778	121.981	210.176	671.850	150.161	202.959	335.658	509.094	
acj047_english_exp2_d.mat	"ult"	28811.900	28841.900	0	0	0	0	0	0	0	0	0	0	0	0	1.416	0	0	0	0	0.251	0	0	0	0	0	0	0	0	0	0	0	210.229	139.077	204.253	207.845	370.044	2403.581	2885.130	3942.360	666.471	2511.550	3040.190	4206.796	76.588	221.736	294.572	400.174	196.129	228.491	356.876	689.553	
acj047_english_exp2_d.mat	"pen"	34448.934	34496.967	0	0	0	0	0	0	0	0	0	0	0	0	1.895	0	0	0	0	0.000	0	0	0	0	0	0	0	0	0	0	0	196.684	170.592	194.180	201.321	419.995	2090.530	2867.328	4141.204	458.941	2075.351	2813.146	4131.586	195.700	253.868	239.866	577.289	140.152	357.165	311.907	1060.102	
acj047_english_exp2_d.mat	"ult"	34626.202	34740.400	9.217	2.143	-0.215	-17.219	-8.184	-15.497	7.075	2.358	26.437	17.402	24.715	17.913	0.566	17.385	20.733	23.439	30.068	0.023	10.356	7.900	5.356	5.912	4.362	1.009	2.456	2.543	4.444	5.993	9.347	172.222	104.169	178.648	175.351	532.063	1566.808	1852.339	4310.477	584.693	1612.246	1873.293	4344.140	266.138	260.217	297.932	351.924	457.648	336.452	600.070	312.437	
acj047_english_exp2_d.mat	"pen"	40461.982	40547.400	9.044	7.349	15.771	2.808	4.080	16.383	1.695	-8.422	6.236	4.964	-7.339	18.868	1.716	24.789	23.737	27.398	28.758	0.007	16.179	3.097	4.878	16.009	8.513	-8.738	13.083	-1.782	0.170	7.667	24.917	204.059	178.922	203.842	207.516	230.698	1151.585	3085.956	3678.633	830.082	1358.696	3251.157	3711.669	295.619	237.995	366.855	280.589	817.322	363.112	719.727	920.520	
acj047_english_exp2_d.mat	"ult"	40663.267	40744.468	14.258	8.171	3.905	-12.725	-13.821	-3.764	6.087	4.266	26.983	28.079	18.022	21.146	2.272	24.398	25.588	27.620	28.529	0.372	15.536	8.911	10.591	14.413	6.375	-0.600	6.626	-1.680	1.123	9.161	16.136	185.797	186.015	185.237	186.430	963.333	1669.259	2780.786	3851.049	842.452	1516.200	2750.074	3847.310	301.141	330.916	224.099	392.532	429.787	331.245	330.730	530.728	
acj047_english_exp2_d.mat	"pen"	46446.798	46558.000	13.186	1.076	5.200	-0.194	5.251	0.069	12.110	-4.124	13.381	7.935	13.117	24.576	1.214	27.045	39.745	40.817	39.489	0.166	15.905	16.765	-3.923	16.764	2.025	1.922	-0.860	20.688	-0.859	13.880	13.983	179.911	179.569	181.551	181.115	349.477	2350.057	2826.304	4444.418	373.570	2319.376	2781.442	4396.847	90.944	221.615	256.910	507.151	80.138	183.961	216.993	1123.963	
acj047_english_exp2_d.mat	"ult"	46622.923	46838.000	11.207	8.780	-1.880	-10.923	-5.377	-6.302	2.428	10.660	22.130	16.584	17.510	19.927	0.935	21.018	25.923	28.230	27.401	0.235	12.095	13.249	7.692	13.011	2.218	-1.681	-1.154	5.557	-0.915	9.878	13.776	172.164	171.048	171.446	173.726	597.813	2335.424	3099.783	4395.843	602.688	2305.897	3096.556	4334.419	179.426	204.510	279.130	574.605	121.579	284.394	441.106	2187.119	
acj047_english_exp2_d.mat	"pen"	51423.103	51491.200	0	0	0	0	0	0	0	0	0	0	0	0	2.280	0	0	0	0	0.000	0	0	0	0	0	0	0	0	0	0	0	226.921	226.767	227.950	228.884	769.931	1805.362	2710.003	3926.244	700.544	1690.989	2604.291	3904.075	250.938	429.500	199.766	459.158	196.856	600.585	333.291	639.921	
acj047_english_exp2_d.mat	"ult"	51696.439	51791.364	11.173	5.995	5.429	2.638	9.774	4.848	5.178	0.567	8.535	1.399	6.325	21.923	4.037	20.050	35.963	39.272	35.275	0.393	15.222	18.288	-5.940	20.163	3.351	1.938	-3.067	24.229	-4.941	11.871	13.283	215.805	186.977	217.495	219.797	394.774	2793.331	3366.715	4495.175	514.938	2786.865	3379.941	4484.649	27.262	171.159	264.492	615.849	50.420	187.626	358.760	952.696	
acj047_english_exp2_d.mat	"pen"	57043.500	57113.500	0	0	0	0	0	0	0	0	0	0	0	0	2.717	0	0	0	0	0.566	0	0	0	0	0	0	0	0	0	0	0	203.682	200.911	204.360	205.750	368.414	2018.125	3132.655	4263.953	389.880	1974.518	3133.661	4706.070	83.689	249.181	180.749	864.646	74.982	271.368	254.003	831.654	
acj047_english_exp2_d.mat	"ult"	57217.988	57373.500	12.319	6.771	7.720	-7.413	2.477	-3.923	5.548	-0.949	19.732	9.842	16.242	22.488	1.923	30.516	33.314	31.340	34.325	0.166	14.208	16.222	5.385	13.911	10.384	6.228	-2.014	10.837	0.298	3.824	7.981	201.793	149.731	206.197	198.574	491.559	1817.876	2298.303	3966.560	578.492	1847.406	2334.949	4028.119	166.094	168.110	242.658	462.170	191.906	192.566	201.018	369.038	
acj047_english_exp2_d.mat	"pen"	62732.616	62854.989	18.354	3.451	-1.865	-12.338	-8.021	3.197	14.903	5.315	30.692	26.375	15.157	22.554	3.965	32.610	31.424	32.420	32.487	0.000	19.758	6.604	11.446	14.545	11.433	1.338	13.154	-4.842	5.214	8.325	18.420	240.052	239.707	241.452	234.273	791.419	1733.008	3143.053	3775.811	681.604	1636.042	2983.448	3694.132	430.527	188.409	296.800	283.361	361.582	195.562	767.115	411.372	
acj047_english_exp2_d.mat	"ult"	62981.200	63041.200	0	0	0	0	0	0	0	0	0	0	0	0	2.682	0	0	0	0	0.157	0	0	0	0	0	0	0	0	0	0	0	204.632	153.909	202.973	220.901	496.054	2459.465	3006.755	4418.660	524.577	2430.732	2891.128	4200.102	142.353	88.973	282.362	604.408	101.513	164.289	462.563	1524.083	
acj047_english_exp2_d.mat	"pen"	67669.000	67702.418	0	0	0	0	0	0	0	0	0	0	0	0	1.439	0	0	0	0	0.401	0	0	0	0	0	0	0	0	0	0	0	187.059	189.080	186.708	186.504	373.332	1930.034	2703.385	3524.757	436.109	1925.190	2781.181	3441.261	143.268	247.214	239.453	486.823	224.030	321.256	284.576	441.264	
acj047_english_exp2_d.mat	"ult"	67853.382	67939.000	8.982	6.598	6.177	-5.784	1.263	2.453	2.384	0.420	14.766	7.719	6.528	20.304	4.553	12.862	14.425	14.848	14.762	0.520	10.424	12.361	10.677	17.317	8.724	9.327	-1.937	1.685	-6.893	1.701	1.098	177.590	76.377	194.631	186.604	646.564	2166.501	2741.380	4218.355	658.496	2184.943	2755.014	4156.731	110.607	333.916	332.585	369.533	118.988	296.008	264.082	393.146	
acj047_english_exp2_d.mat	"pen"	73248.560	73303.456	0	0	0	0	0	0	0	0	0	0	0	0	4.476	0	0	0	0	0.058	0	0	0	0	0	0	0	0	0	0	0	258.848	258.240	253.281	234.797	353.405	2181.962	3197.763	4063.157	551.906	2281.192	3351.993	5011.894	95.560	253.485	132.878	1203.417	210.696	228.768	184.759	792.475	
acj047_english_exp2_d.mat	"ult"	73488.300	73616.821	15.021	6.416	4.767	-9.983	4.218	6.718	8.606	1.648	25.004	10.804	8.303	19.141	4.046	12.674	11.999	13.570	14.492	0.248	16.618	13.707	8.135	12.596	12.404	4.647	2.910	5.572	4.022	4.214	11.971	206.173	150.749	209.621	228.891	588.563	1993.640	3110.690	3927.843	718.878	1995.038	3004.684	3753.175	445.755	242.808	299.262	599.349	351.033	211.057	1055.088	590.849	
acj047_english_exp2_d.mat	"pen"	78281.500	78331.500	0	0	0	0	0	0	0	0	0	0	0	0	1.972	0	0	0	0	0.528	0	0	0	0	0	0	0	0	0	0	0	182.703	180.756	184.801	183.982	343.395	2244.956	2926.513	4051.117	439.244	2184.611	2890.950	3788.587	148.146	223.050	213.327	517.101	169.400	335.089	393.358	1016.119	
acj047_english_exp2_d.mat	"ult"	78484.528	78539.424	0	0	0	0	0	0	0	0	0	0	0	0	4.002	0	0	0	0	0.392	0	0	0	0	0	0	0	0	0	0	0	199.810	199.971	198.763	198.177	801.043	1760.367	2730.325	3993.587	771.995	1688.406	2618.388	3857.212	190.134	329.865	275.661	464.079	137.465	323.554	232.660	542.844	
acj047_english_exp2_d.mat	"pen"	83451.258	83558.763	16.802	2.593	0.035	-19.459	-15.126	-2.752	14.208	2.559	36.260	31.927	19.554	23.827	3.330	34.196	31.583	32.658	33.415	0.323	17.351	4.645	11.842	12.986	12.521	1.357	12.706	-7.197	4.364	4.830	15.994	209.862	202.385	209.296	196.788	1033.215	1688.633	3090.839	3850.553	806.333	1591.746	2979.972	3666.290	547.478	291.828	326.606	381.735	461.864	207.237	732.851	530.809	
acj047_english_exp2_d.mat	"ult"	83683.422	83740.605	0	0	0	0	0	0	0	0	0	0	0	0	2.735	0	0	0	0	0.424	0	0	0	0	0	0	0	0	0	0	0	191.991	0.000	223.841	193.566	672.661	1997.006	2468.926	4065.963	620.784	1834.784	2439.226	4092.000	209.836	317.030	123.383	291.969	126.334	524.999	123.104	319.232	
acj047_english_exp2_d.mat	"pen"	88721.418	88780.889	0	0	0	0	0	0	0	0	0	0	0	0	4.419	0	0	0	0	0.204	0	0	0	0	0	0	0	0	0	0	0	207.390	187.517	212.894	201.906	400.517	1605.546	1872.943	4277.046	483.222	1576.901	1912.312	4112.671	221.719	243.812	427.310	480.353	261.822	216.256	449.823	420.482	
acj047_english_exp2_d.mat	"ult"	88871.238	88948.600	19.368	7.411	6.241	-2.704	4.360	0.970	11.957	1.170	22.071	15.008	18.398	22.820	4.646	26.225	31.260	32.561	31.799	0.000	21.860	11.454	4.315	17.886	8.300	3.527	10.406	7.139	3.974	13.559	18.332	231.679	233.440	228.741	230.612	646.422	2414.451	3120.504	4179.464	622.942	2387.001	3120.466	4787.502	187.337	113.705	291.101	693.244	170.409	187.885	379.027	445.872	
acj047_english_exp2_d.mat	"pen"	96361.156	96384.030	0	0	0	0	0	0	0	0	0	0	0	0	4.361	0	0	0	0	0.140	0	0	0	0	0	0	0	0	0	0	0	249.516	246.841	260.395	225.581	429.851	2203.244	3015.035	4257.474	467.234	2202.287	3075.964	4649.730	138.175	426.676	303.549	844.395	107.103	568.684	363.435	544.916	
acj047_english_exp2_d.mat	"ult"	96528.131	96625.500	13.556	3.837	1.865	-5.271	3.763	-1.404	9.719	1.973	18.827	9.793	14.961	21.139	3.285	23.449	28.188	29.074	27.075	0.000	15.501	11.082	0.797	16.657	8.284	6.445	4.419	10.284	-1.156	7.217	9.056	230.787	203.012	228.213	225.019	629.037	2380.405	2875.495	4129.413	711.565	2404.972	2964.680	4316.625	109.504	170.848	325.605	544.952	123.076	261.795	446.816	616.129	
alc125_catala_exp2_d.mat	"i"	2639.719	2689.731	0	0	0	0	0	0	0	0	0	0	0	0	3.762	0	0	0	0	0.000	0	0	0	0	0	0	0	0	0	0	0	174.197	174.598	176.799	176.722	489.026	2131.044	2710.515	4120.208	499.560	2109.242	2566.382	4027.185	135.669	172.676	269.640	352.146	67.320	582.820	547.384	1156.710	
alc125_catala_exp2_d.mat	"a"	2710.000	2783.655	14.875	11.313	3.047	-4.151	-2.965	-4.610	3.562	8.266	19.026	17.841	19.485	23.811	2.563	26.379	33.817	34.695	35.963	0.110	16.054	17.671	6.067	18.817	6.085	-1.124	-1.617	11.605	-2.763	9.969	17.178	169.395	171.029	171.918	172.100	747.032	1788.004	2592.837	4382.907	667.209	1701.928	2494.474	4070.882	322.569	182.268	300.585	299.336	164.513	299.176	458.763	1198.773	
alc125_catala_exp2_d.mat	"i"	7304.500	7371.446	0	0	0	0	0	0	0	0	0	0	0	0	3.567	0	0	0	0	0.196	0	0	0	0	0	0	0	0	0	0	0	173.270	172.715	175.866	176.104	383.134	2389.982	2891.080	4159.302	451.100	2210.506	2773.121	4176.920	130.373	518.714	390.000	465.922	180.102	910.485	282.837	668.589	
alc125_catala_exp2_d.mat	"a"	7414.500	7501.964	16.135	8.505	3.335	-6.057	1.096	1.890	7.630	5.170	22.192	15.039	14.245	23.248	2.717	25.851	32.601	33.686	33.804	0.000	17.398	15.464	6.832	16.070	10.010	-2.431	1.935	8.632	1.329	7.388	19.829	165.371	165.845	168.175	168.073	536.250	1770.310	2837.140	4369.315	619.786	1748.316	2846.601	4403.807	405.226	101.274	262.491	204.570	252.136	123.413	382.681	102.452	
alc125_catala_exp2_d.mat	"i"	12029.900	12089.900	0	0	0	0	0	0	0	0	0	0	0	0	2.658	0	0	0	0	0.000	0	0	0	0	0	0	0	0	0	0	0	174.051	174.127	175.094	173.920	424.602	2309.716	2766.665	4170.534	471.687	2233.945	2815.147	4243.489	161.858	454.952	348.167	374.660	114.272	858.969	545.652	529.588	
alc125_catala_exp2_d.mat	"a"	12127.713	12222.858	13.611	4.455	-1.439	-14.562	-10.701	-8.352	9.156	5.894	28.173	24.313	21.963	21.678	0.898	22.190	29.797	31.399	32.831	0.079	14.750	10.234	2.947	9.012	1.232	-8.186	4.515	7.288	5.738	13.518	22.935	167.430	167.462	167.698	167.804	670.338	1791.532	2792.807	4328.099	594.066	1729.902	2784.228	4406.346	345.425	135.610	191.928	363.635	218.054	247.000	359.420	238.393	
alc125_catala_exp2_d.mat	"i"	17083.800	17137.699	0	0	0	0	0	0	0	0	0	0	0	0	2.406	0	0	0	0	0.225	0	0	0	0	0	0	0	0	0	0	0	166.815	167.123	168.823	168.270	419.171	2174.460	2780.644	4083.644	451.901	2063.425	2751.708	4128.459	127.134	546.878	288.528	408.534	118.877	769.070	341.093	891.759	
alc125_catala_exp2_d.mat	"a"	17176.733	17273.097	15.167	3.294	6.988	-4.606	-1.999	0.482	11.873	-3.694	19.773	17.165	14.684	22.531	1.673	23.358	30.048	31.885	33.512	0.000	17.151	15.019	2.670	14.061	1.054	-4.550	2.132	12.349	3.090	16.097	21.701	161.598	161.512	163.524	162.718	425.425	1753.368	2780.526	4323.296	586.211	1706.815	2806.807	4339.974	296.045	117.722	187.929	179.972	209.691	213.726	342.456	188.966	
alc125_catala_exp2_d.mat	"i"	22420.736	22489.044	0	0	0	0	0	0	0	0	0	0	0	0	2.605	0	0	0	0	0.185	0	0	0	0	0	0	0	0	0	0	0	175.964	175.938	177.724	177.028	405.985	2310.993	2797.269	4144.767	482.698	2172.565	2721.314	3987.325	125.877	315.673	216.386	319.250	135.888	725.012	402.546	1464.219	
alc125_catala_exp2_d.mat	"a"	22521.979	22578.500	12.938	5.056	4.466	-3.931	-0.228	-1.057	7.882	0.590	16.869	13.166	13.995	22.953	0.971	22.917	31.179	33.172	34.118	0.133	14.876	16.097	-0.129	15.311	1.082	-1.067	-1.221	16.226	-0.435	13.794	15.943	165.926	154.690	169.643	168.969	426.492	1873.109	2655.748	4372.071	552.923	1815.167	2639.046	4203.670	282.567	180.234	250.130	340.051	214.275	266.435	352.798	1507.457	
alc125_catala_exp2_d.mat	"i"	27570.647	27646.275	16.219	9.331	5.448	-0.118	0.550	2.975	6.889	3.883	16.338	15.670	13.245	23.895	4.676	26.292	32.909	33.632	34.268	0.268	18.210	22.024	0.556	19.670	3.250	4.537	-3.814	21.468	-1.460	14.959	13.673	181.804	181.644	182.829	182.126	427.264	2127.812	2698.049	4110.426	512.642	1679.267	2637.927	3906.733	138.814	612.876	230.076	324.753	177.888	655.615	225.719	1016.645	
alc125_catala_exp2_d.mat	"a"	27668.231	27738.600	15.221	8.616	7.210	-2.014	0.857	1.129	6.606	1.406	17.235	14.364	14.093	23.926	4.150	25.494	31.754	32.414	33.272	0.000	16.835	18.237	4.927	18.884	4.769	4.283	-1.402	13.311	-2.049	12.066	12.552	176.580	177.529	178.899	178.367	488.017	1810.623	2533.618	4338.166	570.600	1711.750	2392.125	4155.907	149.545	154.955	303.732	334.443	111.324	292.382	378.280	917.124	
alc125_catala_exp2_d.mat	"i"	32984.000	33054.000	0	0	0	0	0	0	0	0	0	0	0	0	2.754	0	0	0	0	0.000	0	0	0	0	0	0	0	0	0	0	0	175.679	175.594	177.593	176.761	405.529	2428.863	2866.483	4133.649	522.046	2052.101	2803.898	4114.558	144.772	447.601	401.314	341.127	220.431	1451.692	597.931	629.341	
alc125_catala_exp2_d.mat	"a"	33101.469	33184.000	14.799	9.584	-0.022	-10.621	-8.259	-6.035	5.215	9.607	25.421	23.059	20.834	22.894	2.058	23.953	31.329	33.165	33.711	0.000	15.721	14.757	6.518	14.542	6.750	-3.111	0.964	8.239	1.179	8.971	18.832	170.761	171.139	172.584	171.958	772.930	1786.112	2741.835	4303.059	640.439	1743.024	2750.331	4332.615	359.661	106.565	190.509	217.047	185.947	207.882	398.303	116.321	
alc125_catala_exp2_d.mat	"i"	38390.087	38449.857	0	0	0	0	0	0	0	0	0	0	0	0	2.848	0	0	0	0	0.257	0	0	0	0	0	0	0	0	0	0	0	180.321	180.179	182.228	181.518	438.754	2029.150	2702.890	4137.068	466.092	1952.184	2650.570	4145.992	176.483	253.742	244.182	280.110	71.918	691.514	529.560	955.928	
alc125_catala_exp2_d.mat	"a"	38471.813	38541.800	12.690	5.284	4.081	-3.742	-3.597	-1.650	7.406	1.203	16.432	16.287	14.340	21.507	1.097	25.150	33.021	33.776	34.972	0.000	14.525	15.608	0.618	16.194	0.078	-3.092	-1.083	14.989	-1.669	14.446	17.617	168.590	170.026	171.691	170.191	403.269	1851.239	2691.754	4301.135	597.753	1757.492	2627.669	4260.012	250.386	112.051	108.645	194.762	139.226	223.082	235.501	486.851	
alc125_catala_exp2_d.mat	"i"	44814.112	44890.959	15.945	8.485	8.662	7.738	-1.226	-1.142	7.460	-0.177	8.207	17.171	17.087	19.691	5.681	17.777	27.851	30.842	31.184	0.630	18.572	25.343	-0.103	25.342	-3.750	-6.984	-6.771	25.446	-6.770	22.322	25.556	185.672	186.094	185.016	185.167	369.049	2455.203	3206.567	4113.770	402.806	1936.249	2916.139	3827.242	46.314	453.299	406.544	652.453	105.206	1089.206	664.879	713.245	
alc125_catala_exp2_d.mat	"a"	44958.048	45025.137	0	0	0	0	0	0	0	0	0	0	0	0	2.380	0	0	0	0	0.000	0	0	0	0	0	0	0	0	0	0	0	203.228	202.947	203.437	203.620	316.714	1737.673	3157.480	4225.165	500.174	1689.917	2990.322	3880.903	273.780	269.549	684.807	829.046	244.910	292.785	1123.902	830.964	
alc125_catala_exp2_d.mat	"i"	50682.200	50742.200	0	0	0	0	0	0	0	0	0	0	0	0	3.433	0	0	0	0	0.326	0	0	0	0	0	0	0	0	0	0	0	178.588	178.187	179.835	179.044	449.770	2068.376	2821.295	4003.979	462.781	2033.665	2823.892	4043.627	93.516	399.245	334.127	369.001	81.127	568.776	375.717	264.798	
alc125_catala_exp2_d.mat	"a"	50772.200	50832.200	14.989	11.614	5.628	0.587	-1.646	-1.247	3.375	5.987	14.402	16.635	16.236	23.420	3.405	30.975	39.312	39.144	38.066	0.000	16.286	18.492	6.472	22.407	4.212	-0.454	-2.205	12.020	-6.120	12.074	16.741	174.897	175.079	174.815	174.593	505.380	1878.632	2771.854	4311.118	543.319	1873.012	2802.636	4322.131	160.047	122.575	226.104	186.093	97.489	188.297	284.993	76.748	
alc125_catala_exp2_d.mat	"i"	54867.909	54928.899	0	0	0	0	0	0	0	0	0	0	0	0	4.510	0	0	0	0	0.192	0	0	0	0	0	0	0	0	0	0	0	168.650	168.947	171.079	170.921	414.170	1794.862	2780.217	4220.872	454.344	1733.243	2740.397	3960.589	95.564	714.835	183.513	498.671	110.528	987.449	270.976	978.316	
alc125_catala_exp2_d.mat	"a"	54943.537	55033.802	15.977	9.685	4.986	0.648	-1.455	6.600	6.292	4.699	15.328	17.431	9.377	23.268	3.038	25.494	32.901	33.532	32.725	0.000	17.342	17.217	5.679	21.981	4.590	4.096	0.125	11.539	-4.639	12.752	13.246	160.701	161.227	162.256	162.380	499.352	1845.256	2674.262	4407.307	567.213	1792.252	2666.344	4169.596	200.658	150.081	127.468	287.379	132.201	182.237	159.178	591.819	
alc125_catala_exp2_d.mat	"i"	60378.200	60468.200	15.414	7.190	5.944	4.394	4.656	3.246	8.224	1.246	11.019	10.757	12.167	22.899	3.797	24.659	36.878	38.943	38.226	0.714	17.721	23.117	-1.338	22.786	2.595	-3.330	-5.396	24.456	-5.066	15.126	21.051	181.029	180.892	181.879	182.080	389.249	2484.307	3331.080	4153.472	430.379	2075.805	3038.917	4135.543	77.185	188.752	375.911	346.625	140.878	879.748	386.749	347.135	
alc125_catala_exp2_d.mat	"a"	60498.200	60588.200	14.315	7.022	9.004	-1.655	1.455	-0.109	7.293	-1.982	15.970	12.860	14.424	23.630	2.671	25.972	34.553	36.028	35.613	0.080	16.246	19.081	4.302	17.833	2.888	-5.979	-2.835	14.779	-1.587	13.358	22.225	169.431	169.893	172.412	171.930	397.628	1797.921	2806.108	3749.342	630.869	1740.226	2845.909	3741.524	337.570	127.900	557.699	411.356	191.524	793.859	1150.762	928.832	
alc125_catala_exp2_d.mat	"i"	65115.858	65184.167	0	0	0	0	0	0	0	0	0	0	0	0	2.526	0	0	0	0	0.103	0	0	0	0	0	0	0	0	0	0	0	172.822	172.582	174.916	174.684	411.980	2177.934	2801.642	4059.567	459.140	2157.107	2768.167	4063.555	145.561	468.359	373.545	314.190	137.505	578.294	405.705	291.861	
alc125_catala_exp2_d.mat	"a"	65218.200	65338.200	14.111	6.580	8.682	-3.952	0.305	3.227	7.531	-2.102	18.063	13.806	10.884	24.202	2.281	27.866	33.779	35.797	36.607	0.039	15.858	17.285	5.853	16.109	5.177	-1.803	-1.427	11.432	-0.251	10.681	17.661	169.151	170.100	171.236	170.675	463.553	1730.275	2817.685	4346.122	622.011	1670.141	2825.774	4288.888	351.952	123.165	139.387	157.469	145.549	167.053	274.327	390.059	
alc125_catala_exp2_d.mat	"i"	71610.779	71668.200	0	0	0	0	0	0	0	0	0	0	0	0	2.917	0	0	0	0	0.776	0	0	0	0	0	0	0	0	0	0	0	180.325	180.107	181.116	180.781	360.602	1644.547	2768.263	4071.624	396.572	2278.779	2874.362	4030.510	59.781	663.924	182.593	375.197	126.954	779.499	507.793	458.621	
alc125_catala_exp2_d.mat	"a"	71728.200	71818.200	8.695	2.059	9.545	-3.407	-0.925	1.950	6.635	-7.486	12.101	9.620	6.744	23.053	1.739	29.455	35.109	35.921	35.594	0.335	10.885	17.474	3.656	16.157	3.265	-4.988	-6.589	13.818	-5.272	7.620	15.873	189.475	189.448	189.257	199.364	412.457	1839.403	2799.337	4412.863	595.158	1742.672	2824.523	3989.382	167.275	188.215	260.108	421.440	284.403	377.236	646.711	2496.584	
alc125_catala_exp2_d.mat	"i"	76607.165	76657.177	0	0	0	0	0	0	0	0	0	0	0	0	4.145	0	0	0	0	0.257	0	0	0	0	0	0	0	0	0	0	0	182.047	181.777	182.879	183.086	484.919	2160.120	2781.036	4060.591	515.009	1935.191	2703.593	4257.809	126.826	461.091	216.070	333.489	98.211	815.338	343.831	648.065	
alc125_catala_exp2_d.mat	"a"	76690.200	76760.200	15.380	8.727	6.461	0.265	-1.161	0.657	6.652	2.267	15.115	16.541	14.723	21.027	4.065	22.652	29.411	30.016	30.276	0.151	17.077	19.206	4.172	21.043	3.306	0.210	-2.129	15.034	-3.966	13.771	16.867	181.648	183.776	185.183	184.922	497.758	1930.292	2718.982	4247.850	563.225	1875.187	2699.538	4227.285	192.424	96.127	134.848	417.622	100.060	224.800	332.893	1073.375	
alc125_catala_exp2_d.mat	"i"	81844.200	81879.574	0	0	0	0	0	0	0	0	0	0	0	0	3.605	0	0	0	0	0.398	0	0	0	0	0	0	0	0	0	0	0	178.020	178.017	180.349	178.999	423.698	2007.346	2707.400	3941.703	466.161	1965.349	2667.891	4028.362	138.568	317.699	384.443	340.717	108.011	556.718	705.443	306.088	
alc125_catala_exp2_d.mat	"a"	81914.200	82006.433	15.783	9.048	7.489	-0.692	1.083	-1.020	6.734	1.559	16.475	14.700	16.803	22.978	3.627	25.696	33.320	33.434	34.872	0.094	17.551	19.938	4.534	19.615	6.081	-4.839	-2.387	15.404	-2.064	11.470	22.390	172.441	172.254	174.813	174.205	441.791	1849.289	2808.617	4346.093	571.220	1841.805	2888.086	4347.373	190.993	73.873	465.701	195.217	196.825	102.937	537.684	83.390	
alc125_catala_exp2_d.mat	"i"	88064.200	88124.200	0	0	0	0	0	0	0	0	0	0	0	0	2.336	0	0	0	0	0.000	0	0	0	0	0	0	0	0	0	0	0	175.174	175.154	175.972	175.437	424.301	2429.391	2799.811	4007.499	531.646	2011.902	2695.589	4008.709	142.126	455.920	198.810	316.746	274.720	950.687	200.705	372.057	
alc125_catala_exp2_d.mat	"a"	88174.200	88265.475	12.913	6.717	11.860	-3.778	0.369	4.844	6.196	-5.142	16.691	12.544	8.069	26.503	2.772	39.279	44.638	45.734	44.113	0.000	14.328	14.306	11.400	17.878	7.623	0.204	0.022	2.907	-3.550	6.705	14.124	172.967	173.998	174.113	173.940	462.641	1730.559	2793.787	3853.321	659.264	1651.096	2817.937	4032.267	203.929	137.055	114.910	399.861	174.731	285.170	281.892	317.085	
alc125_catala_exp2_d.mat	"i"	94130.200	94210.200	15.162	9.071	8.535	1.008	-7.395	5.500	6.091	0.536	14.154	22.557	9.662	22.260	3.329	26.147	34.744	35.994	34.996	0.469	17.143	21.540	4.338	20.823	-1.553	-2.506	-4.398	17.202	-3.680	18.696	19.649	177.856	177.538	178.819	178.766	424.611	1707.854	2782.817	4059.517	450.550	1845.038	2905.619	4005.027	89.242	476.620	339.215	363.565	137.580	765.025	419.282	497.243	
alc125_catala_exp2_d.mat	"a"	94250.200	94340.200	14.660	6.510	8.113	-4.958	3.490	0.872	8.150	-1.602	19.618	11.171	13.788	23.152	2.512	28.163	35.411	35.906	35.569	0.051	16.279	16.003	7.307	15.666	9.661	-4.407	0.276	8.696	0.613	6.619	20.686	169.292	169.653	171.340	170.427	462.775	1795.794	2775.231	4372.098	564.563	1761.911	2742.669	4254.029	225.588	57.924	234.468	258.337	158.587	119.652	555.545	569.101	
alc125_catala_exp2_d.mat	"i"	99168.200	99238.200	0	0	0	0	0	0	0	0	0	0	0	0	3.431	0	0	0	0	0.820	0	0	0	0	0	0	0	0	0	0	0	186.358	186.479	186.805	187.402	395.953	2319.184	3028.590	4218.409	420.979	2054.744	2797.934	3782.914	66.902	413.908	362.014	331.542	96.072	1016.626	331.709	1194.611	
alc125_catala_exp2_d.mat	"a"	99291.058	99367.905	11.371	9.215	6.508	-0.954	-4.363	1.184	2.156	2.707	12.325	15.734	10.187	21.229	3.624	26.037	32.391	33.235	33.179	0.138	12.997	19.091	6.614	20.952	4.628	-0.597	-6.093	12.476	-7.955	8.369	13.594	202.866	202.621	201.846	239.046	565.691	1822.674	2747.979	4379.734	568.732	1749.487	2762.381	4206.261	152.973	156.208	122.055	236.677	74.343	251.117	262.707	535.287	
alc125_catala_exp2_d.mat	"i"	103964.548	104017.000	0	0	0	0	0	0	0	0	0	0	0	0	3.381	0	0	0	0	0.270	0	0	0	0	0	0	0	0	0	0	0	177.545	177.352	178.718	177.923	461.827	1931.421	2765.824	3917.486	478.815	1868.292	2770.350	3949.098	104.610	144.603	179.432	417.519	77.855	225.028	334.680	496.935	
alc125_catala_exp2_d.mat	"a"	104046.200	104116.200	14.067	7.770	4.582	-1.982	-0.524	3.680	6.297	3.188	16.050	14.592	10.387	22.700	1.951	26.798	35.030	35.057	34.909	0.121	15.778	17.373	2.608	18.364	4.921	-0.302	-1.595	14.765	-2.586	10.857	16.080	173.226	174.229	174.008	174.217	490.538	1802.783	2800.111	4352.689	507.299	1761.883	2785.849	4300.909	205.389	97.898	85.916	164.256	114.149	124.216	147.505	588.356	
alc125_catala_exp2_d.mat	"i"	109158.200	109206.813	0	0	0	0	0	0	0	0	0	0	0	0	3.154	0	0	0	0	0.189	0	0	0	0	0	0	0	0	0	0	0	178.062	177.430	179.465	179.115	399.266	1966.971	2763.052	4185.718	429.244	1981.112	2801.506	4069.776	98.947	358.098	288.126	595.878	127.653	332.214	259.881	653.522	
alc125_catala_exp2_d.mat	"a"	109229.990	109318.200	15.138	10.605	6.819	-1.262	-1.496	1.652	4.533	3.786	16.400	16.634	13.486	24.012	3.674	30.791	38.613	37.627	37.004	0.042	16.625	19.123	6.521	19.895	3.960	0.812	-2.498	12.601	-3.270	12.665	15.813	172.569	174.005	174.516	174.176	542.888	1931.671	2719.932	4268.774	564.821	1877.170	2708.128	4002.576	197.730	156.306	150.839	360.457	96.139	289.573	273.974	1149.808	
alc125_catala_exp2_d.mat	"i"	114617.411	114677.181	0	0	0	0	0	0	0	0	0	0	0	0	3.165	0	0	0	0	0.349	0	0	0	0	0	0	0	0	0	0	0	181.014	180.897	181.741	181.129	407.622	1996.952	2827.683	3951.354	438.775	2013.871	2950.252	4133.453	97.497	310.405	331.682	399.677	154.471	331.368	284.730	533.780	
alc125_catala_exp2_d.mat	"a"	114702.200	114780.864	13.876	10.249	4.579	-2.371	-0.968	4.688	3.627	5.670	16.247	14.844	9.188	23.174	3.932	26.851	35.988	35.058	33.900	0.000	15.480	19.446	2.709	18.724	4.507	2.958	-3.966	16.738	-3.244	10.973	12.522	186.038	186.999	186.166	187.164	522.876	1825.921	2723.924	4260.321	544.149	1779.325	2719.415	4172.382	110.169	139.718	103.818	283.462	74.850	229.020	177.454	482.815	
alc125_catala_exp2_d.mat	"i"	120248.200	120305.587	0	0	0	0	0	0	0	0	0	0	0	0	2.188	0	0	0	0	0.149	0	0	0	0	0	0	0	0	0	0	0	170.062	170.419	171.711	172.183	396.629	1985.973	2814.640	3986.538	418.186	2059.299	2872.689	4048.236	97.933	451.508	327.435	497.914	125.339	469.060	312.793	431.964	
alc125_catala_exp2_d.mat	"a"	120358.200	120451.963	14.724	9.116	0.880	-11.308	-12.833	-5.679	5.609	8.236	26.032	27.558	20.403	23.246	1.817	27.185	30.707	33.873	34.511	0.000	15.527	13.068	9.308	14.249	3.249	-6.295	2.458	3.761	1.278	12.278	21.821	167.860	160.820	170.682	170.654	752.739	1687.850	2889.328	4256.533	667.892	1636.373	2975.681	4268.304	377.962	202.558	282.597	337.654	198.106	283.040	376.180	673.068	
alc125_catala_exp2_d.mat	"i"	124844.730	124913.039	0	0	0	0	0	0	0	0	0	0	0	0	3.801	0	0	0	0	0.127	0	0	0	0	0	0	0	0	0	0	0	176.347	175.926	176.587	176.718	455.230	1976.202	2769.070	3961.896	476.138	1998.430	2815.869	3870.057	84.530	369.734	410.375	496.706	132.091	344.672	429.065	769.250	
alc125_catala_exp2_d.mat	"a"	124941.095	125012.200	15.318	10.829	5.079	-3.866	1.151	2.851	4.490	5.750	19.184	14.167	12.468	24.100	2.097	31.684	37.751	36.709	35.494	0.000	16.742	18.547	4.628	17.493	7.202	-0.866	-1.805	13.919	-0.751	9.540	17.608	171.271	171.331	171.295	172.041	415.386	1743.841	2919.480	4303.046	562.328	1702.179	2905.609	3795.710	278.175	140.995	389.285	465.256	199.220	167.292	599.283	1250.681	
alc125_catala_exp2_d.mat	"i"	129671.229	129724.900	0	0	0	0	0	0	0	0	0	0	0	0	3.168	0	0	0	0	0.153	0	0	0	0	0	0	0	0	0	0	0	181.698	181.238	183.036	182.802	436.113	1946.009	2782.389	4128.025	457.989	1900.062	2794.729	4108.745	99.837	231.085	170.476	445.282	115.157	329.527	227.635	933.463	
alc125_catala_exp2_d.mat	"a"	129744.417	129810.286	15.397	10.482	4.909	0.751	-1.503	3.371	4.915	5.573	14.646	16.900	12.026	23.044	4.402	28.977	37.247	36.728	35.551	0.000	16.807	18.317	5.218	22.332	5.110	2.323	-1.510	13.099	-5.525	11.697	14.484	173.350	174.421	175.079	175.415	498.302	1784.070	2691.415	4405.250	551.614	1754.088	2700.178	4046.632	161.573	119.494	199.647	295.764	87.987	177.928	388.157	665.193	
