Filename	Label	seg_Start	seg_End	H1c_mean	H2c_mean	H4c_mean	A1c_mean	A2c_mean	A3c_mean	H1H2c_mean	H2H4c_mean	H1A1c_mean	H1A2c_mean	H1A3c_mean	CPP_mean	Energy_mean	HNR05_mean	HNR15_mean	HNR25_mean	HNR35_mean	SHR_mean	H1u_mean	H2u_mean	H4u_mean	A1u_mean	A2u_mean	A3u_mean	H1H2u_mean	H2H4u_mean	H1A1u_mean	H1A2u_mean	H1A3u_mean	strF0_mean	sF0_mean	pF0_mean	shrF0_mean	sF1_mean	sF2_mean	sF3_mean	sF4_mean	pF1_mean	pF2_mean	pF3_mean	pF4_mean	sB1_mean	sB2_mean	sB3_mean	sB4_mean	pB1_mean	pB2_mean	pB3_mean	pB4_mean	
ala054_catala_exp2_d.mat	"i"	3040.245	3060.000	0	0	0	0	0	0	0	0	0	0	0	0	1.990	0	0	0	0	0.844	0	0	0	0	0	0	0	0	0	0	0	112.983	111.698	114.448	114.464	352.764	2001.585	2887.727	3666.073	426.310	2130.553	3118.705	3710.846	114.072	510.523	293.220	289.075	260.072	279.641	622.440	1258.369	
ala054_catala_exp2_d.mat	"a"	3116.093	3170.000	0	0	0	0	0	0	0	0	0	0	0	0	2.683	0	0	0	0	0.671	0	0	0	0	0	0	0	0	0	0	0	106.161	105.349	106.693	117.229	495.749	1467.749	2270.550	3501.666	640.735	1494.003	2312.870	3594.736	355.947	200.924	450.667	361.156	476.774	225.351	722.352	470.584	
ala054_catala_exp2_d.mat	"i"	9232.103	9265.800	0	0	0	0	0	0	0	0	0	0	0	0	3.437	0	0	0	0	0.439	0	0	0	0	0	0	0	0	0	0	0	110.014	109.675	109.998	123.644	349.523	828.375	2656.694	3696.386	444.921	1879.775	2528.882	3681.605	132.808	1015.947	379.304	224.356	210.793	1541.996	354.480	279.212	
ala054_catala_exp2_d.mat	"a"	9325.800	9395.800	0	0	0	0	0	0	0	0	0	0	0	0	2.865	0	0	0	0	0.701	0	0	0	0	0	0	0	0	0	0	0	105.169	104.740	106.275	106.735	539.534	1548.115	2355.030	3787.320	645.470	1562.364	2335.998	3828.141	319.684	136.638	447.603	261.461	314.206	167.403	714.526	191.927	
ala054_catala_exp2_d.mat	"i"	15053.062	15090.400	0	0	0	0	0	0	0	0	0	0	0	0	4.249	0	0	0	0	0.247	0	0	0	0	0	0	0	0	0	0	0	114.908	114.429	115.180	115.609	353.722	2237.447	2703.820	3717.172	423.455	2259.988	2533.108	3576.229	137.393	115.295	173.173	294.939	113.955	465.694	431.585	913.256	
ala054_catala_exp2_d.mat	"a"	15131.851	15220.400	15.040	17.780	2.550	-4.668	7.017	7.503	-2.741	15.230	19.708	8.022	7.537	23.541	4.323	26.400	26.520	25.575	26.310	0.539	15.661	20.550	18.803	17.749	16.719	4.660	-4.889	1.747	-2.089	-1.058	11.001	108.839	108.359	108.974	109.076	432.202	1569.473	2520.764	3790.712	636.970	1537.794	2476.185	3758.665	372.428	128.932	147.404	291.150	266.756	113.438	219.565	477.917	
ala054_catala_exp2_d.mat	"i"	20752.686	20792.800	0	0	0	0	0	0	0	0	0	0	0	0	6.322	0	0	0	0	0.000	0	0	0	0	0	0	0	0	0	0	0	113.400	113.405	113.327	113.688	324.466	2377.313	2942.128	3778.963	380.495	2409.224	2949.183	3731.730	72.316	90.145	183.224	174.445	94.599	261.376	652.987	1094.696	
ala054_catala_exp2_d.mat	"a"	20864.034	20912.800	0	0	0	0	0	0	0	0	0	0	0	0	4.933	0	0	0	0	0.443	0	0	0	0	0	0	0	0	0	0	0	107.762	106.404	107.851	107.709	494.768	1511.142	2176.755	3603.655	574.338	1551.104	2267.679	3667.860	296.168	146.712	396.957	307.997	340.053	166.221	653.683	191.253	
ala054_catala_exp2_d.mat	"i"	27451.242	27511.400	0	0	0	0	0	0	0	0	0	0	0	0	2.820	0	0	0	0	0.659	0	0	0	0	0	0	0	0	0	0	0	118.902	119.151	118.740	119.250	276.348	2400.205	3022.698	3743.891	351.286	2435.282	2945.981	3721.371	83.936	137.227	321.761	194.637	158.328	320.775	1322.476	315.373	
ala054_catala_exp2_d.mat	"a"	27596.176	27651.400	0	0	0	0	0	0	0	0	0	0	0	0	3.613	0	0	0	0	0.739	0	0	0	0	0	0	0	0	0	0	0	113.077	112.710	113.943	113.819	464.726	1464.149	2520.317	3745.640	574.354	1493.046	2563.234	3743.793	220.824	147.355	339.626	220.004	368.625	154.538	410.918	175.234	
ala054_catala_exp2_d.mat	"i"	32951.092	32989.100	0	0	0	0	0	0	0	0	0	0	0	0	3.864	0	0	0	0	0.000	0	0	0	0	0	0	0	0	0	0	0	120.464	120.722	120.406	120.564	332.131	2357.560	3423.917	4104.424	386.746	2343.972	2789.528	3650.544	134.555	152.052	208.752	390.551	145.691	543.820	454.765	273.852	
ala054_catala_exp2_d.mat	"a"	33058.509	33109.100	0	0	0	0	0	0	0	0	0	0	0	0	4.026	0	0	0	0	0.708	0	0	0	0	0	0	0	0	0	0	0	114.219	113.558	115.147	125.451	489.028	1630.984	2510.838	3575.304	546.830	1579.725	2477.755	3538.411	365.148	164.600	140.609	468.883	153.618	160.633	212.608	601.973	
ala054_catala_exp2_d.mat	"i"	52010.579	52044.700	0	0	0	0	0	0	0	0	0	0	0	0	3.625	0	0	0	0	0.125	0	0	0	0	0	0	0	0	0	0	0	114.605	114.709	114.394	114.351	322.879	2244.917	2629.679	3705.636	398.416	2172.491	2371.194	3663.075	78.753	148.407	361.213	166.319	158.251	750.747	420.740	262.664	
ala054_catala_exp2_d.mat	"a"	52118.423	52164.700	0	0	0	0	0	0	0	0	0	0	0	0	3.985	0	0	0	0	0.590	0	0	0	0	0	0	0	0	0	0	0	107.165	106.052	106.599	106.808	540.192	1563.834	2157.150	3455.532	637.963	1570.887	2154.501	3504.943	385.604	85.011	447.698	540.161	326.688	107.110	600.908	528.656	
ala054_catala_exp2_d.mat	"i"	57501.444	57538.700	0	0	0	0	0	0	0	0	0	0	0	0	3.171	0	0	0	0	0.479	0	0	0	0	0	0	0	0	0	0	0	111.637	110.808	112.584	112.437	348.705	2338.384	3621.409	4186.218	404.762	2145.344	2533.861	3622.428	119.611	159.748	201.513	320.822	133.583	797.601	328.867	168.992	
ala054_catala_exp2_d.mat	"a"	57615.961	57678.700	0	0	0	0	0	0	0	0	0	0	0	0	3.273	0	0	0	0	0.393	0	0	0	0	0	0	0	0	0	0	0	105.534	105.670	106.287	106.258	534.738	1501.674	2121.938	3594.349	668.635	1525.783	2054.167	3669.770	428.762	164.372	557.520	256.424	470.524	213.257	860.775	255.100	
ala054_catala_exp2_d.mat	"i"	62906.420	62946.400	0	0	0	0	0	0	0	0	0	0	0	0	3.887	0	0	0	0	0.924	0	0	0	0	0	0	0	0	0	0	0	117.412	117.619	118.272	118.225	282.880	2431.662	2735.050	3804.829	357.125	2262.993	2568.415	3687.702	81.230	211.100	281.946	179.149	133.535	719.295	229.538	180.879	
ala054_catala_exp2_d.mat	"a"	63008.861	63066.400	0	0	0	0	0	0	0	0	0	0	0	0	3.616	0	0	0	0	0.785	0	0	0	0	0	0	0	0	0	0	0	106.146	105.479	106.815	106.430	460.994	1665.498	2521.842	3922.628	550.163	1629.451	2479.564	3984.761	409.314	106.291	152.972	263.844	146.415	143.506	289.916	373.322	
ala054_catala_exp2_d.mat	"i"	69433.362	69478.800	0	0	0	0	0	0	0	0	0	0	0	0	4.227	0	0	0	0	0.579	0	0	0	0	0	0	0	0	0	0	0	109.670	109.678	110.942	121.877	379.058	2227.658	2636.058	3581.602	406.998	2186.820	2561.484	3578.855	129.002	180.443	383.138	243.440	100.560	626.448	509.560	295.237	
ala054_catala_exp2_d.mat	"a"	69535.285	69598.800	0	0	0	0	0	0	0	0	0	0	0	0	3.324	0	0	0	0	0.380	0	0	0	0	0	0	0	0	0	0	0	104.188	104.006	103.683	103.610	592.759	1418.918	3181.429	4116.622	753.759	1432.729	2559.965	3692.143	546.799	166.120	708.634	625.663	435.656	457.570	1527.256	731.724	
ala054_catala_exp2_d.mat	"i"	75567.439	75598.600	0	0	0	0	0	0	0	0	0	0	0	0	5.031	0	0	0	0	0.000	0	0	0	0	0	0	0	0	0	0	0	115.410	116.256	115.774	115.067	344.049	2098.492	2608.154	3620.701	405.222	2043.359	2478.549	3566.314	111.722	267.881	287.996	288.028	139.378	459.291	403.186	272.146	
ala054_catala_exp2_d.mat	"a"	75660.448	75708.600	0	0	0	0	0	0	0	0	0	0	0	0	6.226	0	0	0	0	0.411	0	0	0	0	0	0	0	0	0	0	0	117.605	116.357	117.741	118.043	542.494	1547.364	2419.288	3833.522	585.615	1557.312	2412.773	3818.371	278.473	136.844	464.304	418.543	211.390	142.064	522.766	622.441	
ala054_catala_exp2_d.mat	"i"	82906.975	82952.566	0	0	0	0	0	0	0	0	0	0	0	0	5.641	0	0	0	0	0.090	0	0	0	0	0	0	0	0	0	0	0	116.751	116.584	117.412	117.343	322.598	2283.592	2743.329	3695.380	397.715	2229.570	2627.794	3712.367	123.883	126.694	247.528	219.878	134.735	654.880	378.048	372.872	
ala054_catala_exp2_d.mat	"a"	83006.698	83062.135	0	0	0	0	0	0	0	0	0	0	0	21.967	5.779	18.207	21.646	22.244	23.195	0.521	0	0	0	0	0	0	0	0	0	0	0	112.837	111.993	112.470	112.975	526.650	1551.074	2261.657	3984.308	734.390	1585.437	2337.550	3813.288	425.200	157.674	381.979	678.144	525.059	157.806	478.645	500.653	
ala054_catala_exp2_d.mat	"i"	88674.457	88708.000	0	0	0	0	0	0	0	0	0	0	0	0	6.587	0	0	0	0	0.000	0	0	0	0	0	0	0	0	0	0	0	128.079	128.813	128.571	128.860	335.756	2215.552	2724.687	3636.775	422.598	2142.580	2588.532	3560.691	112.572	115.869	188.612	240.914	133.911	283.077	260.097	250.140	
ala054_catala_exp2_d.mat	"a"	88748.000	88808.000	0	0	0	0	0	0	0	0	0	0	0	21.567	7.088	18.699	22.996	23.398	24.346	0.217	0	0	0	0	0	0	0	0	0	0	0	121.877	119.568	121.221	121.480	503.083	1574.088	2277.792	3508.231	600.080	1586.213	2305.773	3615.368	394.159	129.181	313.624	421.241	315.454	162.146	361.859	314.628	
ala054_catala_exp2_d.mat	"i"	94018.330	94056.383	0	0	0	0	0	0	0	0	0	0	0	0	3.129	0	0	0	0	0.601	0	0	0	0	0	0	0	0	0	0	0	106.373	106.434	106.779	107.037	361.266	2199.642	2595.965	3807.126	446.897	2063.218	2407.427	3619.588	130.977	179.972	373.463	269.105	159.777	767.798	415.710	808.099	
ala054_catala_exp2_d.mat	"a"	94110.698	94161.900	0	0	0	0	0	0	0	0	0	0	0	21.441	2.349	16.274	22.208	22.936	24.417	0.625	0	0	0	0	0	0	0	0	0	0	0	102.087	101.091	100.660	101.724	616.402	1597.726	2523.580	3947.803	621.553	1583.353	2484.975	3773.973	339.457	90.607	260.710	585.412	216.145	92.325	368.850	725.042	
ala054_catala_exp2_d.mat	"i"	99293.276	99344.300	0	0	0	0	0	0	0	0	0	0	0	0	3.104	0	0	0	0	0.577	0	0	0	0	0	0	0	0	0	0	0	108.368	108.577	108.773	109.188	287.541	887.381	2443.184	3855.432	430.730	1962.277	2716.980	3661.182	73.604	395.343	233.294	387.970	325.606	1633.496	348.800	411.849	
ala054_catala_exp2_d.mat	"a"	99404.300	99464.300	0	0	0	0	0	0	0	0	0	0	0	0	2.563	0	0	0	0	0.698	0	0	0	0	0	0	0	0	0	0	0	102.766	101.973	104.298	112.515	402.038	1772.084	2512.217	3889.684	543.189	1662.639	2442.669	3965.073	250.554	284.523	202.623	327.461	201.194	360.536	287.532	413.020	
ala054_spanish_exp2_a.mat	"i"	2436.478	2464.584	0	0	0	0	0	0	0	0	0	0	0	0	5.584	0	0	0	0	0.854	0	0	0	0	0	0	0	0	0	0	0	112.478	112.807	113.271	112.941	342.997	2145.488	2636.127	3655.917	409.305	2142.021	2602.029	3489.530	127.910	435.926	432.633	438.786	174.204	490.708	680.949	562.022	
ala054_spanish_exp2_a.mat	"o"	2541.726	2590.000	0	0	0	0	0	0	0	0	0	0	0	0	9.979	0	0	0	0	0.061	0	0	0	0	0	0	0	0	0	0	0	110.065	109.539	110.676	110.958	520.120	1199.724	2238.428	3382.750	622.845	1246.748	2749.071	3727.043	192.447	81.354	336.043	296.884	633.640	242.630	744.920	642.329	
ala054_spanish_exp2_a.mat	"i"	7393.775	7419.421	0	0	0	0	0	0	0	0	0	0	0	0	4.117	0	0	0	0	0.809	0	0	0	0	0	0	0	0	0	0	0	110.836	111.095	111.754	111.328	369.898	2049.339	2518.521	3722.126	427.793	2089.448	2608.422	3694.537	137.274	498.000	410.028	413.461	224.021	251.294	898.818	644.013	
ala054_spanish_exp2_a.mat	"o"	7493.700	7553.700	0	0	0	0	0	0	0	0	0	0	0	0	6.415	0	0	0	0	0.308	0	0	0	0	0	0	0	0	0	0	0	109.304	108.883	109.320	110.158	536.500	1418.042	2477.977	4032.144	601.906	1486.415	2709.154	3872.549	213.989	118.154	341.562	558.644	496.609	286.491	440.329	394.501	
ala054_spanish_exp2_a.mat	"i"	13089.388	13131.900	0	0	0	0	0	0	0	0	0	0	0	0	6.427	0	0	0	0	0.578	0	0	0	0	0	0	0	0	0	0	0	115.565	114.979	115.426	115.778	326.984	1654.043	2408.974	4186.550	521.500	1971.555	2852.515	3586.066	125.189	424.414	333.628	272.031	455.524	558.623	809.618	485.932	
ala054_spanish_exp2_a.mat	"o"	13174.270	13250.848	0	0	0	0	0	0	0	0	0	0	0	21.719	6.583	16.981	22.399	24.091	24.808	0.743	0	0	0	0	0	0	0	0	0	0	0	115.172	114.338	114.687	122.194	450.988	1309.733	2390.045	4028.039	556.170	1449.181	2824.437	3851.273	218.726	100.430	336.335	231.634	782.324	417.172	531.562	559.873	
ala054_spanish_exp2_a.mat	"i"	19189.897	19216.358	0	0	0	0	0	0	0	0	0	0	0	0	8.494	0	0	0	0	0.000	0	0	0	0	0	0	0	0	0	0	0	114.141	114.628	115.754	115.612	315.684	1899.887	2514.894	3645.781	401.760	1869.142	2450.991	3743.393	94.923	286.265	196.522	556.376	272.351	797.677	377.675	724.856	
ala054_spanish_exp2_a.mat	"o"	19307.771	19371.700	0	0	0	0	0	0	0	0	0	0	0	0	7.311	0	0	0	0	0.368	0	0	0	0	0	0	0	0	0	0	0	116.973	116.316	116.697	116.509	461.310	1350.130	2408.608	3648.846	607.429	1386.674	2534.165	3941.703	250.653	242.583	237.367	317.141	463.526	395.964	632.197	318.135	
ala054_spanish_exp2_a.mat	"i"	24954.809	25044.588	14.869	16.421	14.592	-2.146	1.426	4.834	-1.552	1.828	17.015	13.442	10.035	21.837	2.156	22.524	29.925	31.072	29.122	0.546	15.806	20.948	19.576	15.548	-0.946	-2.427	-5.142	1.372	0.258	16.752	18.233	104.470	104.423	104.394	110.312	323.865	2322.518	3197.907	4204.904	411.157	2302.483	2825.283	3623.935	120.812	310.089	343.976	219.593	168.789	671.707	1022.894	449.699	
ala054_spanish_exp2_a.mat	"o"	25142.031	25369.700	9.005	7.409	-1.287	-9.304	-7.901	-1.519	1.596	8.696	18.310	16.907	10.525	21.756	2.977	21.371	22.625	28.426	31.758	0.059	9.486	9.455	10.825	15.892	10.127	-10.508	0.031	-1.370	-6.407	-0.642	19.994	100.200	76.543	100.634	115.118	479.832	1006.844	2465.764	3692.698	594.709	1089.223	2620.223	3880.914	165.057	170.609	360.683	388.797	554.824	478.070	443.173	541.688	
ala054_spanish_exp2_a.mat	"i"	31014.031	31060.600	0	0	0	0	0	0	0	0	0	0	0	0	4.642	0	0	0	0	0.813	0	0	0	0	0	0	0	0	0	0	0	112.646	112.616	112.715	112.737	348.965	2370.640	3538.754	4152.917	381.944	2404.069	2746.040	3646.546	133.231	176.402	196.813	172.293	111.875	201.170	843.500	199.984	
ala054_spanish_exp2_a.mat	"o"	31151.468	31220.600	0	0	0	0	0	0	0	0	0	0	0	0	5.289	0	0	0	0	0.106	0	0	0	0	0	0	0	0	0	0	0	100.597	100.389	100.932	100.756	474.788	1075.146	2322.278	3522.681	593.311	1227.126	2709.205	3771.120	213.545	83.802	297.667	340.067	609.134	362.757	408.600	557.310	
ala054_spanish_exp2_a.mat	"i"	36600.534	36653.124	0	0	0	0	0	0	0	0	0	0	0	0	5.949	0	0	0	0	0.139	0	0	0	0	0	0	0	0	0	0	0	117.676	117.841	117.915	118.554	308.464	2354.831	3341.696	4180.644	362.133	2099.527	2507.999	3652.790	90.400	176.669	276.124	236.884	172.662	940.411	516.422	340.272	
ala054_spanish_exp2_a.mat	"o"	36718.631	36806.800	18.117	18.353	7.240	1.435	0.853	8.855	-0.235	11.112	16.683	17.265	9.263	21.965	6.120	18.083	19.083	21.307	22.891	0.807	18.981	22.501	22.128	23.166	11.805	2.434	-3.520	0.373	-4.185	7.176	16.546	115.937	115.451	116.110	116.266	437.611	1324.820	2398.176	3470.629	569.563	1730.948	2744.238	3837.826	179.612	158.689	229.732	327.539	674.854	564.457	783.829	517.484	
ala054_spanish_exp2_a.mat	"i"	43000.667	43081.500	17.012	19.470	18.665	5.337	4.851	14.423	-2.458	0.805	11.675	12.161	2.589	22.142	5.358	18.352	28.345	30.914	28.605	0.766	18.172	25.380	19.234	21.892	1.147	4.115	-7.208	6.146	-3.720	17.025	14.058	109.767	109.019	110.295	110.428	320.646	2353.815	3360.821	3910.311	374.777	2357.647	3170.290	3743.329	121.337	204.070	278.704	245.645	139.764	385.628	788.043	324.898	
ala054_spanish_exp2_a.mat	"o"	43141.086	43333.916	18.533	21.111	8.535	-1.497	2.519	8.051	-2.578	12.576	20.030	16.014	10.482	24.514	9.799	23.167	20.462	23.727	24.077	0.497	19.083	23.500	22.872	23.919	20.661	2.101	-4.417	0.628	-4.837	-1.578	16.981	112.244	96.734	113.649	113.124	503.164	1123.958	2378.968	3250.959	685.274	1286.478	2745.305	3543.045	242.626	117.845	276.248	295.181	782.052	483.825	583.776	702.878	
ala054_spanish_exp2_a.mat	"i"	58122.442	58158.953	0	0	0	0	0	0	0	0	0	0	0	0	8.452	0	0	0	0	0.541	0	0	0	0	0	0	0	0	0	0	0	111.401	111.204	112.330	112.269	351.322	1939.185	2575.918	3480.467	415.181	2062.673	2800.995	3589.260	140.715	414.767	413.716	522.315	261.740	320.175	501.547	824.668	
ala054_spanish_exp2_a.mat	"o"	58213.069	58267.800	0	0	0	0	0	0	0	0	0	0	0	0	9.989	0	0	0	0	0.562	0	0	0	0	0	0	0	0	0	0	0	106.303	105.550	107.082	106.783	419.410	1349.753	2957.002	3996.616	762.616	1492.128	2848.495	3866.323	345.681	158.279	289.681	659.075	923.120	618.600	311.742	998.172	
ala054_spanish_exp2_a.mat	"i"	65184.591	65258.715	0	0	0	0	0	0	0	0	0	0	0	18.882	5.618	15.082	23.096	25.123	24.083	0.668	0	0	0	0	0	0	0	0	0	0	0	117.473	117.512	116.780	117.364	293.752	2327.964	3136.339	3868.229	360.963	2334.965	2949.715	3736.294	111.344	222.030	330.158	312.079	162.096	363.729	975.235	775.794	
ala054_spanish_exp2_a.mat	"o"	65359.193	65472.849	19.159	22.184	8.621	-0.226	3.948	8.826	-3.025	13.564	19.385	15.211	10.333	24.954	11.999	26.031	25.949	30.522	31.340	0.597	19.819	25.152	23.834	23.939	20.677	-0.241	-5.334	1.318	-4.120	-0.858	20.059	110.193	110.232	111.458	123.260	456.173	1015.434	2351.949	3477.116	528.140	1004.159	2525.269	3547.109	222.416	106.677	264.773	375.770	581.751	243.358	485.581	512.679	
ala054_spanish_exp2_a.mat	"i"	72940.392	73016.516	0	0	0	0	0	0	0	0	0	0	0	23.822	3.990	23.253	32.773	35.783	33.351	0.710	0	0	0	0	0	0	0	0	0	0	0	117.718	117.362	117.707	118.091	260.111	2441.782	3605.111	4065.782	324.851	2474.865	2815.731	3693.239	62.853	215.817	244.542	307.617	198.197	949.686	850.173	255.880	
ala054_spanish_exp2_a.mat	"o"	73089.097	73269.933	16.651	18.898	7.143	-0.602	3.144	4.759	-2.247	11.755	17.254	13.507	11.893	25.334	4.538	20.309	20.091	24.294	27.256	0.599	17.423	22.408	22.202	20.955	15.320	-2.496	-4.985	0.206	-3.532	2.103	19.919	108.027	107.510	107.761	110.759	382.351	1138.977	2243.752	3202.151	565.053	1275.310	2563.050	3583.791	248.870	145.049	350.085	483.197	894.860	412.413	537.688	1042.635	
ala054_spanish_exp2_a.mat	"i"	78970.480	79051.892	21.302	15.280	20.550	11.245	6.504	16.524	6.022	-5.270	10.057	14.798	4.779	21.458	7.023	15.851	25.841	28.313	27.520	0.632	23.291	26.515	14.119	25.121	2.451	3.882	-3.224	12.396	-1.830	20.840	19.409	124.986	125.602	124.409	124.781	278.962	2242.456	3268.471	3930.105	337.328	2308.313	2805.475	3573.632	92.020	250.355	289.735	365.178	216.038	464.407	1926.693	438.262	
ala054_spanish_exp2_a.mat	"o"	79103.339	79203.800	18.806	19.394	14.109	0.719	6.313	9.177	-0.588	5.285	18.088	12.493	9.629	23.748	10.095	22.036	27.103	29.773	29.832	0.611	19.883	24.769	21.945	22.732	18.135	2.589	-4.885	2.823	-2.849	1.748	17.294	136.972	137.049	136.564	149.354	454.813	1272.665	2412.805	3529.941	589.558	1463.486	2770.457	3739.739	241.398	121.169	394.490	400.557	416.844	331.697	503.464	438.511	
ala054_spanish_exp2_a.mat	"i"	83980.993	84016.644	0	0	0	0	0	0	0	0	0	0	0	0	5.270	0	0	0	0	0.612	0	0	0	0	0	0	0	0	0	0	0	106.725	106.671	106.212	106.704	327.012	2327.085	2991.080	3815.874	400.530	2256.596	2707.514	3649.986	146.442	162.274	244.792	295.218	203.781	596.175	642.522	314.841	
ala054_spanish_exp2_a.mat	"o"	84062.979	84130.800	0	0	0	0	0	0	0	0	0	0	0	22.727	12.605	18.674	23.666	23.595	22.581	0.649	0	0	0	0	0	0	0	0	0	0	0	113.014	112.467	113.024	112.963	498.709	1467.104	2409.143	3121.862	688.617	1643.069	2750.432	3630.238	249.025	182.657	349.795	570.396	616.486	365.890	430.484	746.880	
ala054_spanish_exp2_a.mat	"i"	89151.756	89234.700	19.555	21.353	16.340	9.446	10.066	9.697	-1.798	5.014	10.109	9.489	9.859	28.172	11.412	26.157	33.271	32.395	32.878	0.000	20.605	26.511	19.211	27.392	12.456	12.478	-5.906	7.300	-6.787	8.149	8.128	111.134	111.280	111.812	111.562	339.098	1912.129	2370.726	3502.150	382.494	1933.308	2380.593	3511.091	104.643	235.806	242.892	202.889	251.800	372.649	330.592	128.737	
ala054_spanish_exp2_a.mat	"o"	89291.996	89384.700	21.740	23.414	12.863	4.125	9.479	8.956	-1.675	10.551	17.615	12.260	12.783	24.474	23.544	19.163	18.071	19.452	21.321	0.616	22.433	26.647	26.353	27.442	23.259	9.391	-4.214	0.294	-5.008	-0.826	13.042	116.472	115.837	115.356	115.989	490.294	1255.937	2159.669	3097.737	631.941	1372.388	2426.112	3540.674	210.790	94.179	203.562	361.846	884.972	476.090	717.975	959.682	
ala054_spanish_exp2_a.mat	"i"	95407.120	95456.721	0	0	0	0	0	0	0	0	0	0	0	0	12.381	0	0	0	0	0.450	0	0	0	0	0	0	0	0	0	0	0	119.661	119.272	119.389	120.058	298.047	2345.511	2855.283	3640.954	379.757	2203.125	2639.803	3472.049	98.979	225.097	358.256	279.206	204.430	781.883	458.544	335.608	
ala054_spanish_exp2_a.mat	"o"	95507.413	95580.100	0	0	0	0	0	0	0	0	0	0	0	22.599	14.374	16.626	20.547	21.572	21.973	0.499	0	0	0	0	0	0	0	0	0	0	0	112.469	111.206	112.832	112.610	446.488	1372.660	2241.357	3402.234	503.942	1442.537	2437.693	3573.231	211.241	116.842	379.045	533.527	489.599	235.037	453.394	846.960	
ala054_spanish_exp2_a.mat	"i"	101395.631	101447.559	0	0	0	0	0	0	0	0	0	0	0	0	6.660	0	0	0	0	0.691	0	0	0	0	0	0	0	0	0	0	0	108.101	107.850	107.409	108.457	381.037	1891.499	2332.101	3550.421	415.448	2078.220	3067.808	3717.280	86.712	226.636	170.835	176.253	302.785	134.175	713.982	591.768	
ala054_spanish_exp2_a.mat	"o"	101488.817	101563.800	0	0	0	0	0	0	0	0	0	0	0	25.914	16.361	24.673	26.919	25.332	25.180	0.545	0	0	0	0	0	0	0	0	0	0	0	108.306	94.842	108.940	115.770	512.429	1215.653	2154.660	3886.566	938.193	1656.117	2781.186	3725.478	211.503	85.677	154.245	157.680	587.127	528.520	548.874	203.525	
aps124_spanish_exp2_b.mat	"i"	2250.000	2290.000	0	0	0	0	0	0	0	0	0	0	0	0	1.074	0	0	0	0	0.000	0	0	0	0	0	0	0	0	0	0	0	197.134	197.411	197.786	203.062	205.625	928.150	3040.697	3513.476	608.472	2271.388	3242.503	4210.195	24.001	166.618	443.070	280.895	437.357	674.171	339.456	808.484	
aps124_spanish_exp2_b.mat	"o"	2334.895	2420.000	5.803	5.243	7.909	5.375	-8.332	16.614	0.560	-2.666	0.428	14.135	-10.811	16.169	0.413	25.823	31.359	35.827	35.997	0.000	13.866	-0.691	-5.504	13.858	-8.482	-17.514	14.557	4.813	0.008	22.348	31.380	194.618	195.926	195.984	196.657	213.967	1064.446	3017.802	3719.645	455.535	1857.808	3158.246	3891.322	102.203	438.853	389.300	462.720	588.555	719.032	834.617	896.557	
aps124_spanish_exp2_b.mat	"i"	7907.300	7967.300	0	0	0	0	0	0	0	0	0	0	0	0	0.761	0	0	0	0	0.000	0	0	0	0	0	0	0	0	0	0	0	194.462	194.389	194.359	195.137	203.980	2493.020	3112.634	4356.018	242.495	2608.252	3185.099	4104.859	26.951	432.355	340.390	384.133	127.367	978.200	563.541	694.504	
aps124_spanish_exp2_b.mat	"o"	8016.343	8103.837	5.256	6.093	12.518	4.809	-2.074	7.982	-0.837	-6.424	0.447	7.330	-2.726	20.306	0.321	36.778	43.004	45.491	43.288	0.000	13.162	-0.364	-5.199	13.153	-6.509	-16.840	13.527	4.835	0.009	19.671	30.003	193.921	193.813	193.830	193.771	211.919	1365.081	2901.818	3624.507	1086.769	2394.493	3336.175	4567.659	115.079	256.770	600.387	312.393	546.881	1493.752	428.686	835.550	
aps124_spanish_exp2_b.mat	"i"	13436.600	13508.348	5.098	4.733	6.594	0.629	-0.500	0.044	0.365	-1.861	4.469	5.598	5.053	20.116	0.245	32.511	38.904	42.750	41.391	0.000	12.203	0.572	-10.647	10.265	-9.713	-11.795	11.631	11.219	1.938	21.916	23.998	190.247	191.081	191.403	193.332	237.479	2489.433	3025.093	4032.237	384.531	2466.941	3129.386	4069.895	196.842	452.317	534.859	248.115	375.269	760.909	668.205	261.066	
aps124_spanish_exp2_b.mat	"o"	13576.501	13653.864	10.353	-3.728	-4.007	-18.837	-19.831	-9.398	14.081	0.279	29.190	30.184	19.751	21.041	0.361	38.287	41.154	44.277	43.197	0.000	12.697	0.160	0.415	3.214	-8.444	-15.639	12.536	-0.254	9.483	21.141	28.336	194.050	193.601	193.815	193.941	652.096	1505.353	2836.260	3649.850	576.552	1328.180	2957.569	3762.344	574.487	581.939	421.965	176.965	899.233	492.550	534.351	328.944	
aps124_spanish_exp2_b.mat	"i"	19496.900	19556.900	0	0	0	0	0	0	0	0	0	0	0	0	0.626	0	0	0	0	0.000	0	0	0	0	0	0	0	0	0	0	0	194.715	194.872	195.074	196.669	207.907	1022.721	2723.334	3715.318	357.718	2514.875	3518.276	4533.560	39.219	613.233	304.577	305.973	340.838	431.833	416.830	568.831	
aps124_spanish_exp2_b.mat	"o"	19616.900	19676.900	0	0	0	0	0	0	0	0	0	0	0	0	0.262	0	0	0	0	0.000	0	0	0	0	0	0	0	0	0	0	0	193.012	192.911	194.152	193.296	231.074	1188.055	2930.767	3678.776	1001.103	2689.888	3677.413	3893.940	166.029	375.537	812.216	132.620	343.912	1061.764	488.721	1706.588	
aps124_spanish_exp2_b.mat	"i"	24740.690	24781.213	0	0	0	0	0	0	0	0	0	0	0	0	0.605	0	0	0	0	0.000	0	0	0	0	0	0	0	0	0	0	0	193.022	193.300	193.355	195.263	216.186	1092.629	2922.432	3541.028	928.326	2634.446	3537.882	4029.077	139.899	688.483	366.844	245.851	885.908	709.100	616.799	1317.636	
aps124_spanish_exp2_b.mat	"o"	24826.342	24874.700	0	0	0	0	0	0	0	0	0	0	0	19.667	0.280	30.967	36.467	39.136	38.630	0.000	0	0	0	0	0	0	0	0	0	0	0	193.942	192.988	193.181	194.542	211.441	1567.766	2937.103	3578.737	594.850	1837.644	3106.924	3782.171	121.946	205.363	307.200	181.487	554.500	843.181	665.640	461.804	
aps124_spanish_exp2_b.mat	"i"	30232.500	30282.500	0	0	0	0	0	0	0	0	0	0	0	0	0.856	0	0	0	0	0.000	0	0	0	0	0	0	0	0	0	0	0	194.200	194.382	194.568	195.411	208.914	2449.043	3074.848	4469.209	266.679	2559.657	3317.535	4494.224	42.517	675.968	349.327	410.148	270.310	327.797	652.168	256.693	
aps124_spanish_exp2_b.mat	"o"	30342.292	30402.500	0	0	0	0	0	0	0	0	0	0	0	0	0.368	0	0	0	0	0.000	0	0	0	0	0	0	0	0	0	0	0	192.933	192.018	192.924	192.959	233.837	1450.562	3387.741	4392.376	936.760	2097.122	3393.383	4475.146	237.070	192.739	383.851	463.627	580.666	951.544	425.603	533.086	
aps124_spanish_exp2_b.mat	"i"	35768.700	35808.700	0	0	0	0	0	0	0	0	0	0	0	0	0.690	0	0	0	0	0.000	0	0	0	0	0	0	0	0	0	0	0	194.935	195.661	196.290	196.631	208.226	2440.203	3071.362	3865.333	242.358	2337.015	3124.852	4002.801	34.944	419.646	383.170	543.016	414.362	510.167	462.567	609.522	
aps124_spanish_exp2_b.mat	"o"	35849.879	35908.700	0	0	0	0	0	0	0	0	0	0	0	19.246	0.437	29.220	36.772	40.069	38.879	0.000	0	0	0	0	0	0	0	0	0	0	0	192.758	192.537	193.595	193.282	226.631	1663.006	2817.377	3487.197	723.247	2027.427	3260.991	4020.355	147.265	257.387	586.281	401.215	1248.629	515.943	606.098	716.580	
aps124_spanish_exp2_b.mat	"i"	41814.100	41854.100	0	0	0	0	0	0	0	0	0	0	0	0	0.602	0	0	0	0	0.000	0	0	0	0	0	0	0	0	0	0	0	196.565	197.419	198.208	200.252	215.054	2264.548	2983.098	3610.558	261.350	2266.189	3105.855	3928.677	54.898	307.708	384.241	184.159	424.269	553.863	826.805	994.497	
aps124_spanish_exp2_b.mat	"o"	41893.931	41944.100	0	0	0	0	0	0	0	0	0	0	0	19.057	0.466	28.962	35.712	38.743	37.698	0.000	0	0	0	0	0	0	0	0	0	0	0	193.896	192.656	193.688	194.086	224.193	1619.682	2897.076	3501.060	536.714	1887.927	3144.981	3728.860	128.642	298.076	328.141	249.511	809.369	380.776	624.043	310.186	
aps124_spanish_exp2_b.mat	"i"	45916.500	45964.386	0	0	0	0	0	0	0	0	0	0	0	0	0.995	0	0	0	0	0.000	0	0	0	0	0	0	0	0	0	0	0	196.923	198.340	200.266	202.929	228.286	2054.949	2923.700	3798.900	299.778	2162.846	3301.593	4147.744	75.983	348.528	305.306	398.760	198.602	452.477	641.789	496.294	
aps124_spanish_exp2_b.mat	"o"	45995.700	46064.774	9.790	9.192	12.495	5.598	-1.310	2.212	0.598	-3.303	4.192	11.099	7.577	16.297	0.580	25.099	32.073	36.097	35.808	0.000	16.920	4.389	-5.463	15.066	-9.407	-13.169	12.531	9.851	1.854	26.327	30.089	192.600	192.076	191.912	192.993	267.572	1573.543	2809.764	3698.079	505.970	1744.349	3037.652	3956.097	383.724	209.367	497.642	221.038	745.677	475.835	656.148	692.004	
aps124_spanish_exp2_b.mat	"i"	50348.612	50388.215	0	0	0	0	0	0	0	0	0	0	0	0	0.878	0	0	0	0	0.000	0	0	0	0	0	0	0	0	0	0	0	195.416	195.643	196.274	196.087	214.241	2416.976	3010.757	3867.892	284.181	2508.061	3083.306	3820.555	54.712	277.297	242.439	258.618	289.461	691.828	1349.013	892.755	
aps124_spanish_exp2_b.mat	"o"	50430.580	50502.700	9.548	3.044	4.505	-12.953	-10.983	-0.959	6.504	-1.461	22.501	20.531	10.507	19.140	0.467	34.679	40.113	41.020	38.705	0.000	13.513	3.385	-1.633	4.904	-5.547	-10.027	10.128	5.017	8.609	19.060	23.540	192.036	192.435	192.637	192.886	591.157	1727.338	2967.424	4093.862	564.023	1706.010	3010.462	4150.871	584.768	364.706	385.440	362.735	573.614	483.663	445.372	566.691	
aps124_spanish_exp2_b.mat	"i"	56225.740	56269.700	0	0	0	0	0	0	0	0	0	0	0	0	0.633	0	0	0	0	0.000	0	0	0	0	0	0	0	0	0	0	0	197.505	197.864	198.049	200.328	221.120	1102.263	2881.371	4112.824	286.375	2353.937	3318.731	4401.831	71.270	631.542	263.763	424.383	436.127	398.369	503.196	667.270	
aps124_spanish_exp2_b.mat	"o"	56315.997	56379.700	0	0	0	0	0	0	0	0	0	0	0	18.928	0.545	31.846	37.313	40.575	39.130	0.000	0	0	0	0	0	0	0	0	0	0	0	194.578	193.564	194.027	195.391	236.872	1211.392	2882.876	3825.797	463.185	1622.655	2901.761	3859.843	266.366	368.893	400.073	302.829	727.649	470.242	532.274	818.928	
aps124_spanish_exp2_b.mat	"i"	61519.800	61570.237	0	0	0	0	0	0	0	0	0	0	0	0	0.549	0	0	0	0	0.000	0	0	0	0	0	0	0	0	0	0	0	188.598	188.951	189.548	189.910	227.694	981.947	2758.257	3736.361	407.466	1661.889	2894.983	3831.536	136.844	685.859	375.174	254.734	601.951	1997.919	348.472	304.451	
aps124_spanish_exp2_b.mat	"o"	61615.365	61679.800	0	0	0	0	0	0	0	0	0	0	0	19.151	0.522	29.075	34.448	36.742	35.841	0.000	0	0	0	0	0	0	0	0	0	0	0	189.875	189.213	189.024	189.847	349.141	1487.615	2823.155	3619.416	543.096	1647.247	2986.497	3907.861	460.537	270.499	513.258	247.653	850.238	536.479	779.778	490.892	
aps124_spanish_exp2_b.mat	"i"	66693.287	66756.800	0	0	0	0	0	0	0	0	0	0	0	0	0.858	0	0	0	0	0.000	0	0	0	0	0	0	0	0	0	0	0	192.568	192.033	192.504	193.443	214.278	2713.993	3233.251	4235.977	307.864	2758.037	3398.294	4341.609	81.951	353.642	363.759	304.081	459.753	407.888	842.681	443.839	
aps124_spanish_exp2_b.mat	"o"	66836.800	66886.694	0	0	0	0	0	0	0	0	0	0	0	0	0.485	0	0	0	0	0.000	0	0	0	0	0	0	0	0	0	0	0	192.044	192.623	191.377	191.896	229.020	881.339	2828.129	4001.322	694.499	2068.133	3576.935	4866.612	159.893	213.834	326.181	191.692	619.311	466.511	313.327	799.297	
aps124_spanish_exp2_b.mat	"i"	72059.200	72109.200	0	0	0	0	0	0	0	0	0	0	0	0	0.746	0	0	0	0	0.000	0	0	0	0	0	0	0	0	0	0	0	198.830	199.928	200.383	201.321	228.700	2254.086	3008.099	3724.358	359.760	1999.293	2943.191	4080.969	77.772	354.423	421.232	290.209	564.442	1530.397	663.611	859.938	
aps124_spanish_exp2_b.mat	"o"	72149.420	72209.200	0	0	0	0	0	0	0	0	0	0	0	18.378	0.781	29.305	34.730	36.852	36.114	0.000	0	0	0	0	0	0	0	0	0	0	0	195.129	195.481	196.625	197.631	220.348	1556.815	2856.133	3694.777	793.794	2060.964	3400.834	4375.931	224.984	290.748	472.924	224.581	644.766	778.473	829.720	1101.940	
aps124_spanish_exp2_b.mat	"i"	76692.445	76733.890	0	0	0	0	0	0	0	0	0	0	0	0	0.918	0	0	0	0	0.000	0	0	0	0	0	0	0	0	0	0	0	194.524	195.239	195.336	196.340	996.789	2097.224	2926.059	3741.393	552.589	2675.757	3638.372	4447.894	609.531	611.417	230.848	322.341	677.133	443.568	811.655	1465.153	
aps124_spanish_exp2_b.mat	"o"	76766.124	76825.000	16.501	2.036	-15.627	-33.932	-30.286	-19.384	14.466	17.662	50.434	46.787	35.885	18.126	0.631	28.728	33.432	37.000	36.301	0.000	16.985	4.095	-2.968	-5.180	-11.451	-9.532	12.889	7.063	22.165	28.435	26.516	196.932	196.543	194.875	196.092	967.520	1839.342	2846.140	3498.803	580.835	1794.559	2931.515	3842.720	535.510	387.391	293.576	241.147	720.305	780.472	989.169	558.400	
aps124_spanish_exp2_b.mat	"i"	81243.500	81292.258	0	0	0	0	0	0	0	0	0	0	0	0	1.139	0	0	0	0	0.000	0	0	0	0	0	0	0	0	0	0	0	196.572	197.237	197.068	199.825	212.059	2215.263	2949.019	3657.656	291.863	2189.428	2994.750	3774.620	53.023	350.971	186.873	219.891	317.819	565.147	417.171	358.887	
aps124_spanish_exp2_b.mat	"o"	81331.860	81401.855	0	0	0	0	0	0	0	0	0	0	0	19.174	1.017	28.754	34.793	38.215	36.755	0.000	0	0	0	0	0	0	0	0	0	0	0	196.410	195.546	195.794	197.089	323.416	1568.214	2755.986	3636.197	534.554	1796.827	3055.791	3910.287	383.869	234.995	431.971	306.651	615.539	468.577	504.498	474.480	
aps124_spanish_exp2_b.mat	"i"	86172.800	86222.800	0	0	0	0	0	0	0	0	0	0	0	0	1.940	0	0	0	0	0.000	0	0	0	0	0	0	0	0	0	0	0	221.851	222.354	219.583	220.622	249.884	2547.314	3058.316	4074.014	289.773	1993.318	2990.727	4146.625	52.455	585.703	403.188	253.033	165.317	1184.830	522.987	376.486	
aps124_spanish_exp2_b.mat	"o"	86277.780	86342.800	0	0	0	0	0	0	0	0	0	0	0	0	0.532	0	0	0	0	0.000	0	0	0	0	0	0	0	0	0	0	0	257.591	250.033	248.520	263.837	296.334	1705.673	3085.857	3582.426	781.187	1844.988	3393.635	4208.583	213.020	406.620	379.782	181.426	876.109	1037.698	158.806	919.044	
aps124_spanish_exp2_b.mat	"i"	91053.900	91103.900	0	0	0	0	0	0	0	0	0	0	0	0	0.597	0	0	0	0	0.000	0	0	0	0	0	0	0	0	0	0	0	190.251	189.684	190.707	190.348	231.762	2507.880	2903.862	3846.051	384.006	2318.972	2708.026	3809.843	154.034	329.160	361.443	394.999	459.865	1003.769	351.860	483.729	
aps124_spanish_exp2_b.mat	"o"	91147.742	91202.081	0	0	0	0	0	0	0	0	0	0	0	18.333	0.288	28.613	32.967	35.676	34.390	0.000	0	0	0	0	0	0	0	0	0	0	0	200.667	201.109	194.413	196.912	939.254	1589.901	2816.589	3703.157	694.867	1925.083	3208.756	4209.428	809.547	667.728	413.407	427.444	520.711	530.165	607.171	911.710	
aps124_spanish_exp2_b.mat	"i"	96624.800	96665.535	0	0	0	0	0	0	0	0	0	0	0	0	0.757	0	0	0	0	0.000	0	0	0	0	0	0	0	0	0	0	0	191.590	192.258	192.859	192.577	218.290	1144.103	2832.885	3656.661	643.522	2409.544	3280.085	4492.507	75.260	428.088	318.362	325.922	914.733	573.060	836.841	743.998	
aps124_spanish_exp2_b.mat	"o"	96697.769	96754.800	8.783	7.161	4.762	-0.685	-6.052	8.775	1.622	2.399	9.468	14.836	0.009	17.429	0.504	27.680	30.607	32.117	31.395	0.000	14.628	4.487	-3.503	12.513	-4.514	-7.653	10.141	7.990	2.115	19.142	22.281	189.987	188.532	188.708	188.833	624.962	1619.666	2795.560	3732.504	686.927	1676.496	2934.841	3818.410	578.470	186.211	428.862	221.394	695.154	304.315	529.089	359.429	
aps124_spanish_exp2_b.mat	"i"	100581.800	100641.279	0	0	0	0	0	0	0	0	0	0	0	0	0.813	0	0	0	0	0.000	0	0	0	0	0	0	0	0	0	0	0	193.662	193.677	193.242	193.266	219.824	2455.427	3092.767	4027.889	297.500	1939.333	3124.101	4043.365	70.765	348.264	337.770	490.368	201.244	2434.048	228.101	346.777	
aps124_spanish_exp2_b.mat	"o"	100705.748	100761.800	0	0	0	0	0	0	0	0	0	0	0	0	0.903	0	0	0	0	0.000	0	0	0	0	0	0	0	0	0	0	0	213.416	213.955	209.051	212.052	489.049	1649.447	2949.691	3565.287	698.122	1726.597	3336.665	3660.113	424.702	346.807	366.885	186.464	384.096	479.749	796.261	615.183	
